E: 1480652992.282008 0001 000f 1
E: 1480652992.282008 0000 0000 0
E: 1480652992.409025 0001 000f 0
E: 1480652992.409025 0000 0000 0
